199
352
149
282
233
228
174
169
246
230
137
278
188
015
107
263
207
036
260
270
142
217
019
056
356
105
314
024
095
303
268
103
158
047
043
182
360
156
138
344
099
140
220
147
307
155
028
250
017
368
085
255
258
018
009
068
164
027
109
152
329
053
115
318
093
313
349
219
004
057
284
222
073
064
180
262
026
065
160
184
232
189
162
186
324
072
364
165
242
338
253
337
245
008
348
055
032
369
094
277
000
276
365
289
006
139
143
035
197
244
266
210
187
193
247
172
292
080
319
087
044
122
225
077
083
014
326
287
226
010
203
012
297
183
088
153
317
050
120
302
039
315
279
176
102
185
086
124
273
116
320
020
353
173
030
003
157
236
286
119
168
243
112
146
240
310
070
194
342
305
117
106
033
335
229
213
355
089
249
029
334
104
214
062
357
325
132
316
212
130
113
045
159
238
042
129
166
076
274
059
300
133
192
275
215
299
363
267
359
358
118
216
362
145
148
265
123
252
049
058
248
082
060
350
202
272
066
079
178
175
048
209
154
190
196
340
126
312
034
347
224
308
200
150
237
235
046
293
054
022
005
367
288
170
234
306
135
016
208
290
304
075
239
167
285
063
269
002
327
100
336
163
354
110
078
114
179
298
037
264
134
204
074
333
205
283
330
023
038
339
090
198
343
007
328
257
280
025
108
295
128
092
195
346
069
345
309
052
332
323
294
227
040
322
296
084
177
259
067
144
254
125
218
256
098
136
206
097
013
223
127
096
366
